

## Cenário 1 (4 Turbinas)

penalidade = [100000 200 200 1000 200]

premio = [0 200 200 200 200]

Tempo_Manutenção = [0 1 1 3 1]

custo = [0 50 100 150 200; 50 0 50 100 150; 100 50 0 50 100; 150 100 50 0 50; 200 150 100 50 0]

Tempo_Deslocamento = [0 0.25 0.5 0.75 1; 0.25 0 0.25 0.5 0.75; 0.5 0.25 0 0.25 0.5; 0.75 0.5 0.25 0 0.25; 1 0.75 0.5 0.25 0]


## Cenário 2 (6 Turbinas)


penalidade = [100000 200 200 200 200 1000 200]

premio = [0 200 200 200 200 200 200]

Tempo_Manutenção = [0 1 1 1 1 3 1]

custo = [0 50 100 150 200 250 300; 50 0 50 100 150 200 250; 100 50 0 50 100 150 200; 150 100 50 0 50 100 150; 200 150 100 50 0 50 100; 250 200 150 100 50 0 50; 300 250 200 150 100 50 0]

Tempo_Deslocamento = [0 0.25 0.5 0.75 1 1.25 1.5; 0.25 0 0.25 0.5 0.75 1 1.25; 0.5 0.25 0 0.25 0.5 0.75 1; 0.75 0.5 0.25 0 0.25 0.5 0.75; 1 0.75 0.5 0.25 0 0.25 0.5; 1.25 1 0.75 0.5 0.25 0 0.25; 1.5 1.25 1 0.75 0.5 0.25 0]



## Cenário 3 (4 Turbinas)

penalidade = [100000 200 200 1000 200]

premio = [0 100 100 100 100]

Tempo_Manutenção = [0 1 1 6.5 1]

custo = [0 50 100 150 200; 50 0 50 100 150; 100 50 0 50 100; 150 100 50 0 50; 200 150 100 50 0]

Tempo_Deslocamento = [0 0.25 0.5 0.75 1; 0.25 0 0.25 0.5 0.75; 0.5 0.25 0 0.25 0.5; 0.75 0.5 0.25 0 0.25; 1 0.75 0.5 0.25 0]
